3251 372559
999999 999999
466788 71597
492635 618847
758036 987754
803426 557212
840316 747670
803192 413349
54485 98054
551945 454552
675021 137363
16767 216333
733691 712234
777326 84956
354580 283241
490786 525285
34786 659442
342942 166224
614854 280600
738012 896828
828525 835864
255048 612056
271173 348523
585301 339672
525369 79240
332576 419153
684258 57724
444840 273386
971241 880710
74439 879821
486736 859020
570927 898723
896387 867332
274057 754213
260372 278461
459999 46425
131939 403168
589267 302341
500921 472254
702816 228009
45707 511405
980391 97590
398981 157392
518699 133899
579928 345401
529764 212450
570536 762812
196706 899858
848904 134805
696003 651109
517016 114078
886130 706313
557715 898937
535803 354599
839726 523976
321448 362023
26971 129837
592896 3297
91148 366953
203269 819176
885779 301338
72566 572685
52002 443929
670283 622513
439717 461183
20416 884237
493601 844207
744612 234157
925824 817365
534535 371812
969236 224282
997759 109264
993208 649645
38206 962322
74478 372868
743488 998440
770764 713567
661771 693508
814641 130494
657487 907413
797641 751015
867720 396065
242766 271287
708255 813328
704323 133864
607175 462067
203264 880494
647100 329863
816381 377459
109915 669431
891141 779720
249745 839426
750592 476010
756979 358217
962118 979770
683509 882263
797980 610205
973285 739439
907310 37991
872504 482331
770329 612248
984130 552180
711146 805165
698292 539237
541087 145172
654638 776364
14129 289844
32717 587112
783147 85330
186101 31504
143007 402975
67664 835528
951273 661258
114714 914194
631712 329320
600118 464972
650098 674593
437573 315169
267237 455688
427361 61141
288631 748100
578034 121055
812996 836942
557916 244731
31414 771512
528623 2271
474357 835179
281265 190040
188491 466134
979118 335894
354110 678754
702301 56409
911611 598681
983327 545773
613788 437321
425885 79016
203580 581906
646113 505235
577166 766143
458069 339829
217209 888395
895619 231449
502475 539340
123601 908209
565841 560825
976629 994699
266052 594208
545683 526599
140629 786525
959040 180885
999008 569440
63151 667439
765758 769851
518970 994198
859371 413992
877439 941708
634781 871983
51389 962055
300984 178530
114335 158966
965673 250859
487603 393846
295335 598388
391119 448394
995966 627208
264043 197068
427664 352635
169701 320721
889441 243869
75395 884769
538773 285791
945277 304990
306504 55811
861744 267728
794790 484275
698721 808612
796719 51725
467991 532867
82973 809270
955603 498138
725582 92085
826496 228254
135669 152623
829027 715492
998059 260242
684830 715480
185076 725367
753100 902411
122763 639800
137013 649910
396823 371677
993192 890171
325089 76827
281897 542896
503205 69079
803561 897140
931683 623204
113997 492003
572920 944045
948294 970036
306601 192090
654178 467565
568928 330031
327499 784633
86835 452235
238724 70288
733980 555222
376731 649035
340287 457792
271844 416141
34382 693604
776026 545863
798008 883390
870087 635071
878142 244028
231431 492305
129339 98628
141273 992547
907243 364606
930866 857912
811654 21877
954417 360461
396693 979260
412291 761808
145595 761047
964906 766560
315792 925271
105209 440308
403670 481017
694659 260940
276945 828984
990807 536166
498728 399143
159173 8389
585198 595984
917059 284137
807303 741898
552738 812319
326150 242362
75178 572753
144185 414611
102748 333544
26041 34151
43993 661072
961116 594975
371492 611159
31750 452495
338461 713365
219911 34251
745454 862177
263055 581763
518765 308231
865496 203459
599797 157110
114489 369990
10990 592607
31297 447400
696023 295222
422429 886827
832539 148015
60470 371929
787802 28496
821773 85044
89466 364662
574500 246422
149457 157191
195024 996810
498419 99637
242505 579333
59263 27720
636515 489423
423770 873627
620025 230314
605231 830788
48572 124313
316761 821809
284235 434520
879170 255553
27104 546236
453113 560405
130852 760712
841540 683363
95604 624648
73220 845882
254158 55203
835707 51125
266037 179481
962769 26529
520063 908372
846761 112050
551452 30772
495561 751440
795605 334505
275280 701714
518643 587515
139803 578845
67413 769674
495380 658633
966815 657301
770606 904772
287076 962558
436440 136876
671983 976219
667642 331816
246664 724184
829102 58578
904907 203638
430804 264808
56037 391228
512884 534795
884762 900954
326504 598525
98892 966516
788582 737862
857351 39392
471689 996901
138686 401135
995939 830980
148856 366963
186954 65271
381259 230612
183154 532034
923337 633103
152025 49718
89920 278822
370872 137611
58526 217699
994774 887361
639012 778014
845992 18313
59981 341608
533316 510603
791941 853096
390047 445095
845708 365891
880157 646159
738259 440327
885129 31067
625247 776133
953432 749877
280055 81421
942594 601840
739364 128342
95866 294125
109602 76584
525652 587210
33199 135695
967987 760153
781089 701587
617475 299423
323400 719033
367427 624574
713700 880968
371241 157234
918355 456499
858590 772180
884365 428364
802934 387445
506369 71614
242833 580994
122480 681347
100062 366866
248099 527336
584827 768008
312774 503533
977655 307053
851216 743352
331287 610934
538109 12012
143328 865954
915861 147948
691595 558063
514239 545295
56491 326197
554416 340017
86556 764368
595794 707708
895800 545185
917787 159842
748594 956883
673010 588424
571097 949083
35853 55034
779589 100531
534919 197014
112556 339038
824276 92250
437047 641998
366894 123499
343992 216605
464669 963605
794593 186753
984802 13515
343965 176524
666158 283830
679103 623268
205255 444099
355360 100877
87986 599108
906698 518955
462294 944302
656099 41597
44480 677524
129690 840648
865806 25140
28089 120501
660356 169319
319173 534035
836981 906922
394495 912330
538502 100973
562879 54519
632319 108622
258127 321242
297765 861864
355320 50988
716832 277516
922587 734065
229236 503971
887357 652959
245091 990570
189096 320621
686125 214478
685710 506046
799459 228537
644416 666627
373338 544159
451239 38645
125766 40802
162539 285527
483664 797021
884109 693796
168601 489593
468590 483118
531748 493810
624139 6989
692171 614248
568414 576557
508477 951263
446824 268324
315087 110673
162916 345346
806831 546909
97207 998543
458483 215515
282428 135807
945934 938144
549978 347459
178947 826772
589438 166343
16043 338928
733959 301651
11888 554597
852781 568744
913199 160467
131107 414157
693220 186487
962098 508266
858642 653737
918487 219968
965812 232094
286964 151559
593689 377155
41005 727471
119522 112445
975998 947116
663688 373402
9812 97898
496730 964706
593593 595494
436341 520932
520376 961314
862860 841802
452299 533122
367772 184206
477043 367540
892814 514600
119508 943959
867982 870457
923672 496012
13754 500037
33638 307775
430290 847933
972222 199893
805704 579219
273649 279518
534418 597275
772156 884720
584632 576064
70390 108641
526012 715952
471808 236550
985029 827882
709033 158149
332823 595255
25111 227991
973610 373527
91717 630257
843522 228798
453896 757043
453624 216451
713443 226346
446028 625203
43399 234875
172829 874191
756778 123892
648341 751806
87162 609805
488468 906998
755465 182905
276975 96824
5173 922800
522251 839603
633398 886631
799906 642496
850156 953118
570203 39323
434665 532081
870958 68596
798970 452454
498538 208796
848874 411065
421375 458310
656853 121065
989950 270412
534423 447798
454148 776989
551585 724627
667230 197036
885441 293533
581265 693564
238293 276155
834990 743220
180021 105120
768546 377830
693804 879632
813588 1561
806517 799943
680026 454397
499914 63333
892707 65863
818635 879184
209588 619868
390304 582277
813598 173809
451152 335430
946950 370498
247558 404548
528978 417991
600405 473860
680335 432966
728242 967281
105695 566526
344352 269571
696837 701782
283112 416390
228065 449509
260171 403615
486475 514059
104717 193275
506082 290921
758045 750483
166765 433535
376123 993831
219903 759245
250844 595662
830655 714785
509110 225645
918009 485128
672061 748328
157751 348925
571879 668678
888042 249211
267879 159392
879292 55520
931923 221411
399748 904129
577581 283829
672294 726281
490313 710011
810008 319877
543015 627101
356734 10966
775898 27425
435998 654221
751232 176300
625677 753025
461934 885709
840453 178440
432459 442449
128267 243858
992572 544596
915830 959980
798557 505113
853271 717370
244141 566383
375609 51862
901389 368318
710299 54233
71981 701573
758927 604253
594941 592437
278587 423070
542531 623375
661124 166558
631547 852097
709276 693148
869532 486971
597746 825482
499081 232073
845326 559260
827866 904773
760618 183866
305842 246719
559293 885692
318466 71254
988937 419828
862506 36724
354843 422707
389250 267418
206060 330067
536444 375635
597349 215845
422274 869128
617095 27758
156832 17847
528754 865937
438481 729900
183440 624275
954888 716029
62734 696333
548757 663172
398427 822849
61588 162038
99520 735214
214925 26504
600728 210788
145283 638013
852450 364584
653234 899867
743902 54080
238888 604987
419532 230274
308343 54044
430090 807996
618620 411008
486854 318353
520529 878609
533516 234172
649560 218920
66008 984041
553621 80165
655720 917491
544051 265067
472999 526328
253809 877534
524378 185021
620279 89364
580820 965902
72095 746869
521777 278116
122109 769206
410621 685529
782235 993533
241848 896746
874418 806411
380321 643812
219700 327910
408228 797697
240431 871632
790594 470612
827121 718162
184064 757672
664095 438246
586145 792932
881686 328297
976527 139916
190828 708262
712634 227154
924734 307118
78084 136890
766917 292257
556293 477342
98877 277751
222442 364103
501226 248703
385518 111340
58163 786764
920137 47472
998139 836472
398673 945813
911112 103031
491896 418096
782357 756376
107236 379759
918345 771028
373109 962564
550096 209558
310742 95565
275543 208156
657481 747337
219027 324999
901567 853350
163273 267265
497766 10400
842778 937184
53550 881935
367952 562914
768540 590230
5685 359675
943225 714816
230142 697507
872950 4672
98872 304102
521340 295843
930958 846317
143321 432339
354491 435109
71329 86977
400757 581507
408135 636685
10764 97812
843217 301455
554280 386735
921605 556932
566849 597242
340568 792095
478183 183009
284705 932623
552062 690632
706112 553117
376977 143326
167501 322082
101120 401823
708701 438863
450793 109002
486441 770835
445165 53600
980560 384924
652606 702341
559754 145760
334661 98703
29858 249907
455820 12617
654285 979579
15246 180217
266547 667084
257530 615365
391700 277415
592969 836386
551606 415329
382150 508519
274036 501169
551983 456744
567441 322146
808986 172842
582317 952929
676787 62100
308828 917422
693969 467518
314756 538488
875352 105383
884833 433645
128683 650545
349774 825387
349464 32557
319344 836050
755947 652828
271009 296634
532687 458811
175403 488145
144934 326361
778766 700128
13627 31193
589467 31918
970841 770243
400996 903832
33719 75882
299508 990098
370940 967929
91802 227820
498552 950761
342017 721802
840919 52940
196396 666481
328498 644247
325202 423311
616730 532848
579138 844874
324539 825385
77949 219705
313594 463490
208794 353429
610185 788565
124945 621494
389131 867738
699361 455108
59296 944040
131078 354214
697904 774848
954549 650840
165252 72142
148548 465041
105214 145405
879472 638079
55034 851149
894885 266900
195557 76578
509111 205572
281875 221699
351093 397896
613756 651432
511639 213287
777650 952023
785286 936008
124790 26206
542395 380355
362081 455593
534563 894722
894977 344443
254733 838993
616967 279686
230119 223360
880130 243328
373748 786112
291509 483287
189525 431167
332478 686606
261260 272299
260664 890943
655559 9970
600871 125456
433171 52928
471664 436040
353959 229142
784254 358321
991449 859560
451602 320814
604371 236961
546313 797973
458678 144761
809409 378662
416336 765397
761383 7936
644502 4831
597326 881816
549219 748400
945418 828764
309130 873411
361390 685460
594984 286102
290377 405441
88560 390484
311222 518638
767017 80336
437125 393684
570685 652564
951129 571026
809630 476730
323807 761983
3599 105821
851443 964315
649665 359900
285902 940146
654450 747615
610610 475152
851173 237808
132585 163195
991093 258980
635036 447472
597872 937252
140316 331026
799073 152970
288893 508532
386059 136792
900206 245306
286802 515595
608883 724202
914150 429610
630672 534328
435688 234961
78773 589658
433531 814194
586450 14796
139963 644446
316234 949275
688402 146083
944953 781123
568403 244380
413826 439882
297097 977393
562785 464651
494928 483308
431338 325333
398964 304342
442950 769300
617924 188108
219520 796500
49090 217432
993805 930563
854698 546232
958698 970832
833146 20630
939545 265697
98828 636856
997366 432182
524293 174820
283497 364372
319417 717396
303907 935654
902940 364445
45595 812335
315324 407624
43987 420050
451302 763432
255780 637053
513999 486272
177976 764096
516210 668282
574942 322027
127215 567132
773185 554877
786540 365862
390180 846800
244559 257422
938235 685766
887910 885737
469449 853386
633071 844035
110548 686912
153929 325482
714478 451122
49167 437040
790350 411804
724838 262126
283405 272907
469856 778480
207832 727721
970099 66508
339662 872078
593807 741688
717904 131083
732363 548043
117919 981403
840549 181112
932896 483925
370600 586271
404204 359734
569934 430973
632166 819606
772874 831101
634180 517971
663771 9055
575106 262491
891921 719575
362487 445103
154286 363079
60790 395551
922499 279675
230749 942552
518810 164244
641901 322076
589789 7173
370109 398400
542107 520190
808036 378817
528765 78986
930892 694590
421142 786197
253473 794147
104027 80866
414159 311157
966239 170222
980669 500377
681367 659630
919910 2571
261870 442424
165488 926795
861684 908820
757085 985806
976114 164339
413626 260874
88182 106090
497639 856262
305676 221917
847510 498528
34116 280554
786067 917790
399709 875156
579614 244577
124981 682640
200587 964618
649297 698575
125354 739847
175642 601465
401200 159749
691577 176525
309733 688671
596703 95790
21019 335625
